202
254
186
190
0
0
0
65
0
82
10
0
2
0
3
7
0
4
12
0
5
0
6
1
0
16
106
97
118
97
47
108
97
110
103
47
82
101
99
111
114
100
1
0
6
60
105
110
105
116
62
1
0
3
40
41
86
9
0
8
0
9
7
0
10
12
0
11
0
12
1
0
39
110
101
116
47
109
105
110
101
99
114
97
102
116
47
99
108
105
101
110
116
47
97
110
105
109
97
116
105
111
110
47
75
101
121
102
114
97
109
101
1
0
9
116
105
109
101
115
116
97
109
112
1
0
1
70
9
0
8
0
14
12
0
15
0
16
1
0
9
112
114
101
84
97
114
103
101
116
1
0
20
76
111
114
103
47
106
111
109
108
47
86
101
99
116
111
114
51
102
99
59
9
0
8
0
18
12
0
19
0
16
1
0
10
112
111
115
116
84
97
114
103
101
116
9
0
8
0
21
12
0
22
0
23
1
0
13
105
110
116
101
114
112
111
108
97
116
105
111
110
1
0
63
76
110
101
116
47
109
105
110
101
99
114
97
102
116
47
99
108
105
101
110
116
47
97
110
105
109
97
116
105
111
110
47
65
110
105
109
97
116
105
111
110
67
104
97
110
110
101
108
36
73
110
116
101
114
112
111
108
97
116
105
111
110
59
10
0
8
0
25
12
0
5
0
26
1
0
107
40
70
76
111
114
103
47
106
111
109
108
47
86
101
99
116
111
114
51
102
99
59
76
111
114
103
47
106
111
109
108
47
86
101
99
116
111
114
51
102
99
59
76
110
101
116
47
109
105
110
101
99
114
97
102
116
47
99
108
105
101
110
116
47
97
110
105
109
97
116
105
111
110
47
65
110
105
109
97
116
105
111
110
67
104
97
110
110
101
108
36
73
110
116
101
114
112
111
108
97
116
105
111
110
59
41
86
18
0
0
0
28
12
0
29
0
30
1
0
8
116
111
83
116
114
105
110
103
1
0
61
40
76
110
101
116
47
109
105
110
101
99
114
97
102
116
47
99
108
105
101
110
116
47
97
110
105
109
97
116
105
111
110
47
75
101
121
102
114
97
109
101
59
41
76
106
97
118
97
47
108
97
110
103
47
83
116
114
105
110
103
59
18
0
0
0
32
12
0
33
0
34
1
0
8
104
97
115
104
67
111
100
101
1
0
44
40
76
110
101
116
47
109
105
110
101
99
114
97
102
116
47
99
108
105
101
110
116
47
97
110
105
109
97
116
105
111
110
47
75
101
121
102
114
97
109
101
59
41
73
18
0
0
0
36
12
0
37
0
38
1
0
6
101
113
117
97
108
115
1
0
62
40
76
110
101
116
47
109
105
110
101
99
114
97
102
116
47
99
108
105
101
110
116
47
97
110
105
109
97
116
105
111
110
47
75
101
121
102
114
97
109
101
59
76
106
97
118
97
47
108
97
110
103
47
79
98
106
101
99
116
59
41
90
1
0
87
40
70
76
111
114
103
47
106
111
109
108
47
86
101
99
116
111
114
51
102
99
59
76
110
101
116
47
109
105
110
101
99
114
97
102
116
47
99
108
105
101
110
116
47
97
110
105
109
97
116
105
111
110
47
65
110
105
109
97
116
105
111
110
67
104
97
110
110
101
108
36
73
110
116
101
114
112
111
108
97
116
105
111
110
59
41
86
1
0
4
67
111
100
101
1
0
15
76
105
110
101
78
117
109
98
101
114
84
97
98
108
101
1
0
18
76
111
99
97
108
86
97
114
105
97
98
108
101
84
97
98
108
101
1
0
4
116
104
105
115
1
0
41
76
110
101
116
47
109
105
110
101
99
114
97
102
116
47
99
108
105
101
110
116
47
97
110
105
109
97
116
105
111
110
47
75
101
121
102
114
97
109
101
59
1
0
16
77
101
116
104
111
100
80
97
114
97
109
101
116
101
114
115
1
0
20
40
41
76
106
97
118
97
47
108
97
110
103
47
83
116
114
105
110
103
59
1
0
3
40
41
73
1
0
21
40
76
106
97
118
97
47
108
97
110
103
47
79
98
106
101
99
116
59
41
90
1
0
1
111
1
0
18
76
106
97
118
97
47
108
97
110
103
47
79
98
106
101
99
116
59
1
0
3
40
41
70
1
0
22
40
41
76
111
114
103
47
106
111
109
108
47
86
101
99
116
111
114
51
102
99
59
1
0
65
40
41
76
110
101
116
47
109
105
110
101
99
114
97
102
116
47
99
108
105
101
110
116
47
97
110
105
109
97
116
105
111
110
47
65
110
105
109
97
116
105
111
110
67
104
97
110
110
101
108
36
73
110
116
101
114
112
111
108
97
116
105
111
110
59
1
0
10
83
111
117
114
99
101
70
105
108
101
1
0
13
75
101
121
102
114
97
109
101
46
106
97
118
97
1
0
6
82
101
99
111
114
100
1
0
16
66
111
111
116
115
116
114
97
112
77
101
116
104
111
100
115
8
0
59
1
0
44
116
105
109
101
115
116
97
109
112
59
112
114
101
84
97
114
103
101
116
59
112
111
115
116
84
97
114
103
101
116
59
105
110
116
101
114
112
111
108
97
116
105
111
110
15
1
0
7
15
1
0
13
15
1
0
17
15
1
0
20
15
6
0
65
10
0
66
0
67
7
0
68
12
0
69
0
70
1
0
31
106
97
118
97
47
108
97
110
103
47
114
117
110
116
105
109
101
47
79
98
106
101
99
116
77
101
116
104
111
100
115
1
0
9
98
111
111
116
115
116
114
97
112
1
0
177
40
76
106
97
118
97
47
108
97
110
103
47
105
110
118
111
107
101
47
77
101
116
104
111
100
72
97
110
100
108
101
115
36
76
111
111
107
117
112
59
76
106
97
118
97
47
108
97
110
103
47
83
116
114
105
110
103
59
76
106
97
118
97
47
108
97
110
103
47
105
110
118
111
107
101
47
84
121
112
101
68
101
115
99
114
105
112
116
111
114
59
76
106
97
118
97
47
108
97
110
103
47
67
108
97
115
115
59
76
106
97
118
97
47
108
97
110
103
47
83
116
114
105
110
103
59
91
76
106
97
118
97
47
108
97
110
103
47
105
110
118
111
107
101
47
77
101
116
104
111
100
72
97
110
100
108
101
59
41
76
106
97
118
97
47
108
97
110
103
47
79
98
106
101
99
116
59
1
0
12
73
110
110
101
114
67
108
97
115
115
101
115
7
0
73
1
0
61
110
101
116
47
109
105
110
101
99
114
97
102
116
47
99
108
105
101
110
116
47
97
110
105
109
97
116
105
111
110
47
65
110
105
109
97
116
105
111
110
67
104
97
110
110
101
108
36
73
110
116
101
114
112
111
108
97
116
105
111
110
7
0
75
1
0
47
110
101
116
47
109
105
110
101
99
114
97
102
116
47
99
108
105
101
110
116
47
97
110
105
109
97
116
105
111
110
47
65
110
105
109
97
116
105
111
110
67
104
97
110
110
101
108
1
0
13
73
110
116
101
114
112
111
108
97
116
105
111
110
7
0
78
1
0
37
106
97
118
97
47
108
97
110
103
47
105
110
118
111
107
101
47
77
101
116
104
111
100
72
97
110
100
108
101
115
36
76
111
111
107
117
112
7
0
80
1
0
30
106
97
118
97
47
108
97
110
103
47
105
110
118
111
107
101
47
77
101
116
104
111
100
72
97
110
100
108
101
115
1
0
6
76
111
111
107
117
112
0
49
0
8
0
2
0
0
0
4
0
18
0
11
0
12
0
0
0
18
0
15
0
16
0
0
0
18
0
19
0
16
0
0
0
18
0
22
0
23
0
0
0
9
0
1
0
5
0
39
0
2
0
40
0
0
0
85
0
5
0
4
0
0
0
9
42
35
44
44
45
183
0
24
177
0
0
0
2
0
41
0
0
0
10
0
2
0
0
0
12
0
8
0
13
0
42
0
0
0
42
0
4
0
0
0
9
0
43
0
44
0
0
0
0
0
9
0
11
0
12
0
1
0
0
0
9
0
19
0
16
0
2
0
0
0
9
0
22
0
23
0
3
0
45
0
0
0
13
3
0
11
0
16
0
19
0
16
0
22
0
16
0
1
0
5
0
26
0
2
0
40
0
0
0
108
0
2
0
5
0
0
0
26
42
183
0
1
42
35
181
0
7
42
44
181
0
13
42
45
181
0
17
42
25
4
181
0
20
177
0
0
0
2
0
41
0
0
0
6
0
1
0
0
0
5
0
42
0
0
0
52
0
5
0
0
0
26
0
43
0
44
0
0
0
0
0
26
0
11
0
12
0
1
0
0
0
26
0
15
0
16
0
2
0
0
0
26
0
19
0
16
0
3
0
0
0
26
0
22
0
23
0
4
0
45
0
0
0
17
4
0
11
0
0
0
15
0
0
0
19
0
0
0
22
0
0
0
17
0
29
0
46
0
1
0
40
0
0
0
49
0
1
0
1
0
0
0
7
42
186
0
27
0
0
176
0
0
0
2
0
41
0
0
0
6
0
1
0
0
0
5
0
42
0
0
0
12
0
1
0
0
0
7
0
43
0
44
0
0
0
17
0
33
0
47
0
1
0
40
0
0
0
49
0
1
0
1
0
0
0
7
42
186
0
31
0
0
172
0
0
0
2
0
41
0
0
0
6
0
1
0
0
0
5
0
42
0
0
0
12
0
1
0
0
0
7
0
43
0
44
0
0
0
17
0
37
0
48
0
2
0
40
0
0
0
60
0
2
0
2
0
0
0
8
42
43
186
0
35
0
0
172
0
0
0
2
0
41
0
0
0
6
0
1
0
0
0
5
0
42
0
0
0
22
0
2
0
0
0
8
0
43
0
44
0
0
0
0
0
8
0
49
0
50
0
1
0
45
0
0
0
5
1
0
49
0
0
0
1
0
11
0
51
0
1
0
40
0
0
0
47
0
1
0
1
0
0
0
5
42
180
0
7
174
0
0
0
2
0
41
0
0
0
6
0
1
0
0
0
5
0
42
0
0
0
12
0
1
0
0
0
5
0
43
0
44
0
0
0
1
0
15
0
52
0
1
0
40
0
0
0
47
0
1
0
1
0
0
0
5
42
180
0
13
176
0
0
0
2
0
41
0
0
0
6
0
1
0
0
0
5
0
42
0
0
0
12
0
1
0
0
0
5
0
43
0
44
0
0
0
1
0
19
0
52
0
1
0
40
0
0
0
47
0
1
0
1
0
0
0
5
42
180
0
17
176
0
0
0
2
0
41
0
0
0
6
0
1
0
0
0
5
0
42
0
0
0
12
0
1
0
0
0
5
0
43
0
44
0
0
0
1
0
22
0
53
0
1
0
40
0
0
0
47
0
1
0
1
0
0
0
5
42
180
0
20
176
0
0
0
2
0
41
0
0
0
6
0
1
0
0
0
5
0
42
0
0
0
12
0
1
0
0
0
5
0
43
0
44
0
0
0
4
0
54
0
0
0
2
0
55
0
56
0
0
0
26
0
4
0
11
0
12
0
0
0
15
0
16
0
0
0
19
0
16
0
0
0
22
0
23
0
0
0
57
0
0
0
18
0
1
0
64
0
6
0
8
0
58
0
60
0
61
0
62
0
63
0
71
0
0
0
18
0
2
0
72
0
74
0
76
6
9
0
77
0
79
0
81
0
25
